00000000
01001000
01011001
11000100
10111010
10001001
00001000
00001100
00001111
00110101
00001000
00001100
00001000
00001001
00001000
00001100
00001000
00001001
00001000
00001100
00001000
00001001
00001000
00001100
00001000
00001001
00001000
00001100
00001000
00001001
00001000
00001100
00001000
00001001
00001000
00001100
00001000
00001001
00001000
00001100
00001000
00001001
00001000
00001100
00001000
00001001
00001000
00001100
00001000
00001001
00001000
00001100
00001000
00001001
00001000
00001100
00001000
00001001
00001000
00001100
00001000
00001001
00001000
00001100
00001000
00001001
00001000
00001100
00001000
00001001
00001000
00001100
00001000
00001001
00001000
00001100
00001000
00001001
00001000
00001100
00001000
00001001
00001000
00001100
00001000
00001001
00001000
00001100
00001000
00001001
00001000
00001100
00001000
00001001
00001000
00001100
00001000
00001001
00001000
00001100
00001000
00001001
00001000
00001100
00001000
00001001
00001000
00001100
00001000
00001001
00001000
00001100
00001000
00001001
00001000
00001100
00001000
00001001
00001000
00001100
00001000
00001001
00001000
00001100
00001000
00001001
00001000
00001100
00001000
00001001
00001000
00001100
00001000
00001001
00001000
00001100
00001000
00001001
00001000
00001100
00001000
00001001
00001000
00001100
00001000
00001001
00001000
00001100
00001000
00001001
00001000
00001100
00001000
00001001
00001000
00001100
00001000
00001001
00001000
00001100
00001000
00001001
00001000
00001100
00001000
00001001
00001000
00001100
00001000
00001001
00001000
00001100
00001000
00001001
00001000
00001100
00001000
00001001
00001000
00001100
00001000
00001001
00001000
00001100
00001000
00001001
00001000
00001100
00001000
00001001
00001000
00001100
00001000
00001001
00001000
00001100
00001000
00001001
00001000
00001100
00001000
00001001
00001000
00001100
00001000
00001001
00001000
00001100
00001000
00001001
00001000
00001100
00001000
00001001
00001000
00001100
00001000
00001001
00001000
00001100
00001000
00001001
00001000
00001100
00001000
00001001
00001000
00001100
00001000
00001001
00001000
00001100
00001000
00001001
00001000
00001100
00001000
00001001
00001000
00001100
00001000
00001001
00001000
00001100
00001000
00001001
00001000
00001100
00001000
00001001
00001000
00001100
00001000
00001001
00001000
00001000